 0 0			0 0
 151  186		195  250
 0 0			0 0
 201  186		247  250
 255  186		295  250
 307  186		349  250
 357  186		399  250
 0 0			0 0
 407  186		447  250
 459  186		501  250
 0 0			0 0
 151  260		195  320
 201  260		247  320
 255  260		295  320
 307  260		349  320
 357  260		399  320
 407  260		447  320
 0 0			0 0
 459  260		501  320
 151  329		195  391
 0 0			0 0
 201  329		247  391
 0 0			0 0
 255  329		295  391
 307  329		349  391
 357  329		399  391
 407  329		447  391
 459  329		501  391
 0 0			0 0
 151  399		193  461
 0 0			0 0
 201  399		247  461
 255  399		295  461
 0 0			0 0
 307  399		349  461
 357  399		399  461
 0 0			0 0
 407  399		447  461
 0 0			0 0
 459  399		501  461